fpr,tpr
0.0,0.0
0.0,0.013888888888888888
0.0,0.05555555555555555
0.0,0.1527777777777778
0.0,0.19444444444444445
0.0,0.2777777777777778
0.0,0.3055555555555556
0.0,0.9027777777777778
0.047619047619047616,0.9027777777777778
0.047619047619047616,0.9305555555555556
0.07142857142857142,0.9305555555555556
0.07142857142857142,0.9861111111111112
0.09523809523809523,0.9861111111111112
0.09523809523809523,1.0
0.47619047619047616,1.0
0.5238095238095238,1.0
0.5952380952380952,1.0
0.6428571428571429,1.0
0.6666666666666666,1.0
1.0,1.0
